NACA 2623                                       
 Alfa =   1.06179 Re =   800000.000 Xflap,Yflap =     0.000000    0.000000
#    x        y        Cp  
   1.00000  0.00258  0.37216
   0.99968  0.00273  0.37197
   0.99881  0.00313  0.37143
   0.99748  0.00375  0.37055
   0.99576  0.00455  0.36927
   0.99366  0.00552  0.36747
   0.99121  0.00666  0.36503
   0.98842  0.00796  0.36177
   0.98533  0.00940  0.35751
   0.98193  0.01099  0.35204
   0.97824  0.01270  0.34513
   0.97429  0.01453  0.33661
   0.97007  0.01648  0.32618
   0.96560  0.01854  0.31373
   0.96089  0.02070  0.29904
   0.95594  0.02294  0.28206
   0.95076  0.02527  0.26272
   0.94535  0.02768  0.24118
   0.93973  0.03016  0.21752
   0.93389  0.03270  0.19206
   0.92784  0.03531  0.16502
   0.92159  0.03796  0.13699
   0.91512  0.04067  0.10786
   0.90846  0.04343  0.07829
   0.90161  0.04622  0.04868
   0.89456  0.04905  0.01843
   0.88733  0.05192 -0.01133
   0.87993  0.05481 -0.04122
   0.87235  0.05772 -0.07092
   0.86460  0.06065 -0.10104
   0.85670  0.06359 -0.13097
   0.84865  0.06654 -0.16059
   0.84045  0.06948 -0.18942
   0.83210  0.07241 -0.21828
   0.82362  0.07533 -0.24575
   0.81499  0.07822 -0.27294
   0.80623  0.08109 -0.29723
   0.79732  0.08392 -0.32044
   0.78827  0.08672 -0.34261
   0.77908  0.08948 -0.36388
   0.76974  0.09219 -0.39217
   0.76025  0.09486 -0.44206
   0.75061  0.09748 -0.54085
   0.74082  0.10005 -0.66078
   0.73088  0.10255 -0.66623
   0.72079  0.10501 -0.67128
   0.71055  0.10741 -0.67625
   0.70016  0.10973 -0.68147
   0.68964  0.11199 -0.68709
   0.67898  0.11418 -0.69344
   0.66820  0.11629 -0.70054
   0.65731  0.11831 -0.70857
   0.64631  0.12025 -0.71815
   0.63521  0.12209 -0.72976
   0.62403  0.12382 -0.74256
   0.61277  0.12545 -0.75634
   0.60145  0.12696 -0.77016
   0.59006  0.12835 -0.78257
   0.57862  0.12962 -0.79361
   0.56714  0.13076 -0.80204
   0.55562  0.13179 -0.80943
   0.54406  0.13270 -0.81523
   0.53247  0.13349 -0.81922
   0.52085  0.13418 -0.82255
   0.50921  0.13476 -0.82303
   0.49755  0.13523 -0.82572
   0.48589  0.13561 -0.82869
   0.47422  0.13589 -0.82713
   0.46255  0.13607 -0.83181
   0.45089  0.13616 -0.83048
   0.43925  0.13615 -0.82996
   0.42763  0.13605 -0.82948
   0.41605  0.13587 -0.83420
   0.40450  0.13559 -0.83061
   0.39300  0.13522 -0.83341
   0.38156  0.13476 -0.82712
   0.37017  0.13423 -0.82843
   0.35885  0.13361 -0.82854
   0.34760  0.13292 -0.82898
   0.33644  0.13215 -0.82495
   0.32536  0.13131 -0.82823
   0.31437  0.13040 -0.82767
   0.30348  0.12942 -0.83168
   0.29270  0.12838 -0.83355
   0.28203  0.12726 -0.83784
   0.27148  0.12607 -0.83475
   0.26107  0.12482 -0.84609
   0.25079  0.12349 -0.84326
   0.24066  0.12209 -0.85168
   0.23068  0.12063 -0.85411
   0.22086  0.11909 -0.86001
   0.21121  0.11748 -0.85739
   0.20173  0.11580 -0.86044
   0.19243  0.11406 -0.86637
   0.18330  0.11224 -0.86882
   0.17436  0.11035 -0.87339
   0.16561  0.10839 -0.87204
   0.15705  0.10636 -0.87699
   0.14868  0.10425 -0.86471
   0.14052  0.10207 -0.87204
   0.13255  0.09982 -0.86351
   0.12479  0.09749 -0.85833
   0.11723  0.09510 -0.85697
   0.10989  0.09263 -0.84166
   0.10275  0.09009 -0.82158
   0.09584  0.08749 -0.81860
   0.08915  0.08483 -0.80531
   0.08268  0.08211 -0.77540
   0.07643  0.07933 -0.76249
   0.07042  0.07649 -0.73823
   0.06464  0.07361 -0.71092
   0.05909  0.07067 -0.68781
   0.05379  0.06768 -0.64276
   0.04872  0.06465 -0.60643
   0.04390  0.06158 -0.57633
   0.03932  0.05846 -0.51012
   0.03499  0.05531 -0.47513
   0.03091  0.05212 -0.39764
   0.02708  0.04889 -0.34193
   0.02350  0.04563 -0.29555
   0.02018  0.04235 -0.18270
   0.01711  0.03903 -0.10186
   0.01429  0.03569 -0.01815
   0.01173  0.03232  0.08884
   0.00942  0.02894  0.19588
   0.00736  0.02554  0.30958
   0.00556  0.02213  0.41296
   0.00401  0.01869  0.51781
   0.00272  0.01530  0.62743
   0.00167  0.01178  0.74917
   0.00088  0.00859  0.80194
   0.00034  0.00467  0.90066
   0.00005  0.00157  0.94828
   0.00001 -0.00135  0.97981
   0.00022 -0.00528  1.00000
   0.00069 -0.00852  0.99421
   0.00140 -0.01193  0.95650
   0.00237 -0.01518  0.90807
   0.00358 -0.01847  0.84861
   0.00506 -0.02167  0.76685
   0.00678 -0.02484  0.66677
   0.00877 -0.02795  0.57943
   0.01100 -0.03100  0.47889
   0.01350 -0.03399  0.35540
   0.01626 -0.03692  0.28052
   0.01928 -0.03978  0.19223
   0.02255 -0.04258  0.10881
   0.02609 -0.04530  0.01274
   0.02990 -0.04795 -0.03816
   0.03396 -0.05053 -0.10243
   0.03829 -0.05303 -0.15456
   0.04288 -0.05546 -0.20316
   0.04773 -0.05781 -0.23892
   0.05284 -0.06008 -0.27019
   0.05822 -0.06228 -0.28971
   0.06385 -0.06440 -0.31779
   0.06973 -0.06645 -0.33885
   0.07588 -0.06842 -0.34318
   0.08227 -0.07032 -0.36403
   0.08891 -0.07214 -0.37557
   0.09580 -0.07389 -0.37365
   0.10292 -0.07558 -0.37837
   0.11029 -0.07719 -0.38488
   0.11790 -0.07873 -0.39068
   0.12573 -0.08020 -0.38882
   0.13379 -0.08161 -0.39364
   0.14208 -0.08295 -0.39377
   0.15058 -0.08423 -0.39202
   0.15930 -0.08544 -0.39475
   0.16822 -0.08657 -0.39684
   0.17734 -0.08764 -0.38919
   0.18666 -0.08864 -0.39572
   0.19617 -0.08956 -0.39267
   0.20586 -0.09042 -0.38470
   0.21574 -0.09120 -0.38783
   0.22578 -0.09191 -0.38342
   0.23599 -0.09256 -0.38056
   0.24635 -0.09314 -0.37580
   0.25687 -0.09366 -0.37331
   0.26753 -0.09411 -0.37091
   0.27832 -0.09450 -0.36956
   0.28925 -0.09483 -0.36753
   0.30030 -0.09510 -0.36324
   0.31146 -0.09530 -0.36205
   0.32273 -0.09543 -0.36129
   0.33409 -0.09550 -0.35760
   0.34555 -0.09549 -0.35668
   0.35709 -0.09542 -0.35353
   0.36870 -0.09528 -0.35095
   0.38039 -0.09506 -0.34837
   0.39214 -0.09478 -0.34427
   0.40394 -0.09442 -0.34418
   0.41579 -0.09399 -0.33674
   0.42769 -0.09349 -0.33373
   0.43962 -0.09292 -0.32931
   0.45158 -0.09227 -0.32452
   0.46358 -0.09155 -0.32101
   0.47559 -0.09075 -0.31389
   0.48762 -0.08988 -0.30777
   0.49966 -0.08892 -0.30082
   0.51171 -0.08789 -0.29208
   0.52377 -0.08679 -0.28408
   0.53582 -0.08561 -0.27537
   0.54787 -0.08437 -0.26611
   0.55991 -0.08306 -0.25665
   0.57194 -0.08169 -0.24814
   0.58395 -0.08026 -0.23977
   0.59594 -0.07879 -0.23194
   0.60791 -0.07728 -0.22484
   0.61985 -0.07573 -0.21821
   0.63176 -0.07414 -0.21198
   0.64364 -0.07252 -0.20613
   0.65548 -0.07087 -0.20054
   0.66728 -0.06918 -0.19516
   0.67904 -0.06747 -0.18998
   0.69074 -0.06574 -0.18499
   0.70238 -0.06397 -0.18043
   0.71397 -0.06217 -0.16623
   0.72548 -0.06034 -0.12283
   0.73691 -0.05847 -0.09010
   0.74825 -0.05656 -0.07326
   0.75950 -0.05461 -0.06273
   0.77063 -0.05261 -0.05443
   0.78165 -0.05058 -0.04552
   0.79254 -0.04850 -0.03449
   0.80328 -0.04639 -0.02278
   0.81386 -0.04425 -0.00741
   0.82428 -0.04210  0.00709
   0.83452 -0.03993  0.02369
   0.84456 -0.03777  0.04082
   0.85439 -0.03562  0.05779
   0.86400 -0.03350  0.07474
   0.87338 -0.03142  0.09087
   0.88251 -0.02937  0.10739
   0.89139 -0.02737  0.12295
   0.90000 -0.02543  0.13828
   0.90833 -0.02354  0.15347
   0.91636 -0.02171  0.16867
   0.92410 -0.01994  0.18393
   0.93152 -0.01823  0.19924
   0.93862 -0.01659  0.21474
   0.94539 -0.01502  0.23027
   0.95181 -0.01352  0.24592
   0.95788 -0.01210  0.26136
   0.96358 -0.01075  0.27623
   0.96892 -0.00950  0.29103
   0.97387 -0.00833  0.30473
   0.97844 -0.00726  0.31782
   0.98261 -0.00628  0.32975
   0.98637 -0.00540  0.34059
   0.98971 -0.00462  0.35004
   0.99263 -0.00395  0.35816
   0.99510 -0.00338  0.36480
   0.99711 -0.00293  0.36966
   0.99864 -0.00258  0.37247
   0.99964 -0.00235  0.37309
   1.00000 -0.00227  0.37216
