NACA 2623                                       
 Alfa =   0.48428 Re =   300000.000 Xflap,Yflap =     0.000000    0.000000
#    x        y        Cp  
   1.00000  0.00242  0.60697
   0.99138  0.00557  0.38850
   0.97737  0.01061  0.27841
   0.96206  0.01600  0.19249
   0.94550  0.02167  0.12123
   0.92783  0.02756  0.05798
   0.90922  0.03358  0.00023
   0.88984  0.03966 -0.05334
   0.86988  0.04571 -0.10323
   0.84947  0.05168 -0.15021
   0.82873  0.05753 -0.19464
   0.80777  0.06322 -0.23660
   0.78664  0.06874 -0.27681
   0.76539  0.07405 -0.31510
   0.74408  0.07916 -0.35187
   0.72272  0.08404 -0.38727
   0.70133  0.08869 -0.42115
   0.67993  0.09311 -0.45374
   0.65852  0.09730 -0.48498
   0.63709  0.10124 -0.51465
   0.61564  0.10493 -0.54247
   0.59411  0.10839 -0.56370
   0.57250  0.11163 -0.58841
   0.55091  0.11466 -0.61547
   0.52941  0.11746 -0.64346
   0.50804  0.12001 -0.67187
   0.48686  0.12231 -0.70069
   0.46589  0.12434 -0.72922
   0.44517  0.12610 -0.75791
   0.42473  0.12758 -0.78618
   0.40459  0.12877 -0.81400
   0.38479  0.12967 -0.84122
   0.36534  0.13027 -0.86765
   0.34628  0.13058 -0.89314
   0.32764  0.13059 -0.91733
   0.30943  0.13030 -0.94012
   0.29171  0.12972 -0.96113
   0.27449  0.12886 -0.98060
   0.25780  0.12771 -0.99754
   0.24169  0.12630 -1.01230
   0.22617  0.12464 -1.02474
   0.21127  0.12273 -1.03414
   0.19703  0.12061 -1.04095
   0.18344  0.11830 -1.04447
   0.17054  0.11581 -1.04508
   0.15831  0.11316 -1.04254
   0.14676  0.11039 -1.03690
   0.13588  0.10752 -1.02769
   0.12565  0.10456 -1.01550
   0.11605  0.10153 -1.00048
   0.10705  0.09845 -0.98149
   0.09862  0.09534 -0.95985
   0.09073  0.09220 -0.93536
   0.08336  0.08905 -0.90698
   0.07646  0.08589 -0.87554
   0.07002  0.08272 -0.84169
   0.06399  0.07956 -0.80340
   0.05835  0.07641 -0.76259
   0.05308  0.07326 -0.71757
   0.04815  0.07012 -0.66943
   0.04353  0.06699 -0.61719
   0.03923  0.06387 -0.56155
   0.03520  0.06075 -0.50103
   0.03144  0.05764 -0.43730
   0.02794  0.05453 -0.36906
   0.02467  0.05143 -0.29596
   0.02164  0.04833 -0.21935
   0.01884  0.04523 -0.13850
   0.01625  0.04213 -0.05368
   0.01386  0.03903  0.03464
   0.01168  0.03593  0.12541
   0.00970  0.03283  0.21905
   0.00792  0.02974  0.31243
   0.00633  0.02664  0.40649
   0.00492  0.02356  0.49894
   0.00370  0.02048  0.58761
   0.00267  0.01742  0.67133
   0.00181  0.01437  0.74858
   0.00112  0.01135  0.81681
   0.00061  0.00835  0.87574
   0.00025  0.00539  0.92373
   0.00005  0.00247  0.96024
   0.00000 -0.00041  0.98485
   0.00009 -0.00329  0.99786
   0.00034 -0.00621  0.99891
   0.00074 -0.00916  0.98720
   0.00132 -0.01212  0.96258
   0.00207 -0.01509  0.92499
   0.00300 -0.01807  0.87552
   0.00412 -0.02105  0.81516
   0.00543 -0.02401  0.74546
   0.00694 -0.02696  0.66882
   0.00864 -0.02988  0.58715
   0.01054 -0.03278  0.50183
   0.01264 -0.03565  0.41582
   0.01494 -0.03849  0.33038
   0.01744 -0.04130  0.24620
   0.02015 -0.04407  0.16506
   0.02307 -0.04680  0.08820
   0.02621 -0.04950  0.01418
   0.02958 -0.05217 -0.05387
   0.03317 -0.05480 -0.11883
   0.03701 -0.05739 -0.17790
   0.04110 -0.05996 -0.23211
   0.04546 -0.06249 -0.28292
   0.05011 -0.06499 -0.32829
   0.05506 -0.06746 -0.36993
   0.06033 -0.06990 -0.40668
   0.06595 -0.07230 -0.44090
   0.07194 -0.07467 -0.46986
   0.07834 -0.07700 -0.49648
   0.08518 -0.07929 -0.51865
   0.09249 -0.08154 -0.53814
   0.10030 -0.08372 -0.55400
   0.10867 -0.08585 -0.56686
   0.11763 -0.08790 -0.57637
   0.12721 -0.08986 -0.58319
   0.13748 -0.09173 -0.58644
   0.14845 -0.09347 -0.58706
   0.16017 -0.09508 -0.58484
   0.17267 -0.09653 -0.57936
   0.18597 -0.09780 -0.57173
   0.20008 -0.09886 -0.56092
   0.21499 -0.09971 -0.54796
   0.23070 -0.10031 -0.53252
   0.24719 -0.10065 -0.51502
   0.26444 -0.10072 -0.49575
   0.28240 -0.10050 -0.47465
   0.30103 -0.10000 -0.45223
   0.32031 -0.09920 -0.42865
   0.34018 -0.09812 -0.40418
   0.36060 -0.09674 -0.37890
   0.38154 -0.09509 -0.35314
   0.40296 -0.09317 -0.32695
   0.42482 -0.09098 -0.30049
   0.44710 -0.08855 -0.27397
   0.46976 -0.08587 -0.24734
   0.49280 -0.08297 -0.22056
   0.51618 -0.07985 -0.19385
   0.53992 -0.07652 -0.16691
   0.56402 -0.07299 -0.13939
   0.58853 -0.06926 -0.11089
   0.61353 -0.06533 -0.07831
   0.63902 -0.06127 -0.05105
   0.66487 -0.05713 -0.02558
   0.69097 -0.05293 -0.00148
   0.71722 -0.04869  0.02199
   0.74355 -0.04443  0.04471
   0.76986 -0.04017  0.06735
   0.79605 -0.03592  0.09007
   0.82197 -0.03171  0.11331
   0.84746 -0.02757  0.13752
   0.87227 -0.02353  0.16319
   0.89611 -0.01963  0.19109
   0.91864 -0.01594  0.22204
   0.93954 -0.01250  0.25714
   0.95860 -0.00935  0.29896
   0.97569 -0.00650  0.35277
   0.99087 -0.00395  0.42963
   1.00000 -0.00242  0.60697
