NACA 2623                                       
 Alfa =   1.25304 Re =   300000.000 Xflap,Yflap =     0.000000    0.000000
#    x        y        Cp  
   1.00000  0.00242  0.31026
   0.99138  0.00557  0.29331
   0.97737  0.01061  0.25863
   0.96206  0.01600  0.21670
   0.94550  0.02167  0.16837
   0.92783  0.02756  0.11615
   0.90922  0.03358  0.06253
   0.88984  0.03966  0.00959
   0.86988  0.04571 -0.04121
   0.84947  0.05168 -0.08926
   0.82873  0.05753 -0.13423
   0.80777  0.06322 -0.17588
   0.78664  0.06874 -0.21430
   0.76539  0.07405 -0.24903
   0.74408  0.07916 -0.27972
   0.72272  0.08404 -0.30607
   0.70133  0.08869 -0.32967
   0.67993  0.09311 -0.36330
   0.65852  0.09730 -0.45114
   0.63709  0.10124 -0.63934
   0.61564  0.10493 -0.66306
   0.59411  0.10839 -0.67269
   0.57250  0.11163 -0.68177
   0.55091  0.11466 -0.69095
   0.52941  0.11746 -0.70085
   0.50804  0.12001 -0.71209
   0.48686  0.12231 -0.72530
   0.46589  0.12434 -0.74106
   0.44517  0.12610 -0.75959
   0.42473  0.12758 -0.78073
   0.40459  0.12877 -0.80486
   0.38479  0.12967 -0.83144
   0.36534  0.13027 -0.85933
   0.34628  0.13058 -0.88739
   0.32764  0.13059 -0.91482
   0.30943  0.13030 -0.94099
   0.29171  0.12972 -0.96553
   0.27449  0.12886 -0.98824
   0.25780  0.12771 -1.00864
   0.24169  0.12630 -1.02682
   0.22617  0.12464 -1.04232
   0.21127  0.12273 -1.05518
   0.19703  0.12061 -1.06509
   0.18344  0.11830 -1.07197
   0.17054  0.11581 -1.07573
   0.15831  0.11316 -1.07648
   0.14676  0.11039 -1.07364
   0.13588  0.10752 -1.06790
   0.12565  0.10456 -1.05860
   0.11605  0.10153 -1.04655
   0.10705  0.09845 -1.03079
   0.09862  0.09534 -1.01203
   0.09073  0.09220 -0.99014
   0.08336  0.08905 -0.96446
   0.07646  0.08589 -0.93628
   0.07002  0.08272 -0.90429
   0.06399  0.07956 -0.86901
   0.05835  0.07641 -0.83018
   0.05308  0.07326 -0.78791
   0.04815  0.07012 -0.74144
   0.04353  0.06699 -0.69156
   0.03923  0.06387 -0.63764
   0.03520  0.06075 -0.57869
   0.03144  0.05764 -0.51652
   0.02794  0.05453 -0.44896
   0.02467  0.05143 -0.37715
   0.02164  0.04833 -0.30091
   0.01884  0.04523 -0.22052
   0.01625  0.04213 -0.13478
   0.01386  0.03903 -0.04646
   0.01168  0.03593  0.04605
   0.00970  0.03283  0.14100
   0.00792  0.02974  0.23734
   0.00633  0.02664  0.33481
   0.00492  0.02356  0.43060
   0.00370  0.02048  0.52424
   0.00267  0.01742  0.61288
   0.00181  0.01437  0.69611
   0.00112  0.01135  0.77090
   0.00061  0.00835  0.83680
   0.00025  0.00539  0.89240
   0.00005  0.00247  0.93656
   0.00000 -0.00041  0.96899
   0.00009 -0.00329  0.99004
   0.00034 -0.00621  0.99956
   0.00074 -0.00916  0.99654
   0.00132 -0.01212  0.98047
   0.00207 -0.01509  0.95171
   0.00300 -0.01807  0.91059
   0.00412 -0.02105  0.85804
   0.00543 -0.02401  0.79582
   0.00694 -0.02696  0.72607
   0.00864 -0.02988  0.65033
   0.01054 -0.03278  0.57045
   0.01264 -0.03565  0.48773
   0.01494 -0.03849  0.40592
   0.01744 -0.04130  0.32446
   0.02015 -0.04407  0.24512
   0.02307 -0.04680  0.16875
   0.02621 -0.04950  0.09617
   0.02958 -0.05217  0.02757
   0.03317 -0.05480 -0.03725
   0.03701 -0.05739 -0.09753
   0.04110 -0.05996 -0.15336
   0.04546 -0.06249 -0.20510
   0.05011 -0.06499 -0.25225
   0.05506 -0.06746 -0.29570
   0.06033 -0.06990 -0.33514
   0.06595 -0.07230 -0.37081
   0.07194 -0.07467 -0.40264
   0.07834 -0.07700 -0.43116
   0.08518 -0.07929 -0.45618
   0.09249 -0.08154 -0.47794
   0.10030 -0.08372 -0.49647
   0.10867 -0.08585 -0.51182
   0.11763 -0.08790 -0.52404
   0.12721 -0.08986 -0.53332
   0.13748 -0.09173 -0.53929
   0.14845 -0.09347 -0.54238
   0.16017 -0.09508 -0.54261
   0.17267 -0.09653 -0.53985
   0.18597 -0.09780 -0.53434
   0.20008 -0.09886 -0.52604
   0.21499 -0.09971 -0.51519
   0.23070 -0.10031 -0.50185
   0.24719 -0.10065 -0.48621
   0.26444 -0.10072 -0.46855
   0.28240 -0.10050 -0.44905
   0.30103 -0.10000 -0.42789
   0.32031 -0.09920 -0.40548
   0.34018 -0.09812 -0.38217
   0.36060 -0.09674 -0.35862
   0.38154 -0.09509 -0.33576
   0.40296 -0.09317 -0.31472
   0.42482 -0.09098 -0.29631
   0.44710 -0.08855 -0.28039
   0.46976 -0.08587 -0.26708
   0.49280 -0.08297 -0.25624
   0.51618 -0.07985 -0.24733
   0.53992 -0.07652 -0.23974
   0.56402 -0.07299 -0.23289
   0.58853 -0.06926 -0.22619
   0.61353 -0.06533 -0.21894
   0.63902 -0.06127 -0.15812
   0.66487 -0.05713 -0.02353
   0.69097 -0.05293  0.02812
   0.71722 -0.04869  0.04484
   0.74355 -0.04443  0.05592
   0.76986 -0.04017  0.06836
   0.79605 -0.03592  0.08282
   0.82197 -0.03171  0.09908
   0.84746 -0.02757  0.11700
   0.87227 -0.02353  0.13657
   0.89611 -0.01963  0.15802
   0.91864 -0.01594  0.18148
   0.93954 -0.01250  0.20701
   0.95860 -0.00935  0.23490
   0.97569 -0.00650  0.26435
   0.99087 -0.00395  0.29722
   1.00000 -0.00242  0.31026
