NACA 2623                                       
 Alfa =   1.47111 Re =   800000.000 Xflap,Yflap =     0.000000    0.000000
#    x        y        Cp  
   1.00000  0.00242  0.29536
   0.99138  0.00557  0.28696
   0.97737  0.01061  0.26542
   0.96206  0.01600  0.23238
   0.94550  0.02167  0.18811
   0.92783  0.02756  0.13557
   0.90922  0.03358  0.07882
   0.88984  0.03966  0.02155
   0.86988  0.04571 -0.03381
   0.84947  0.05168 -0.08637
   0.82873  0.05753 -0.13588
   0.80777  0.06322 -0.18240
   0.78664  0.06874 -0.22645
   0.76539  0.07405 -0.26808
   0.74408  0.07916 -0.30765
   0.72272  0.08404 -0.34535
   0.70133  0.08869 -0.38102
   0.67993  0.09311 -0.41494
   0.65852  0.09730 -0.44672
   0.63709  0.10124 -0.47613
   0.61564  0.10493 -0.50233
   0.59411  0.10839 -0.52175
   0.57250  0.11163 -0.54193
   0.55091  0.11466 -0.56650
   0.52941  0.11746 -0.62030
   0.50804  0.12001 -0.72359
   0.48686  0.12231 -0.74033
   0.46589  0.12434 -0.75934
   0.44517  0.12610 -0.78005
   0.42473  0.12758 -0.80268
   0.40459  0.12877 -0.82716
   0.38479  0.12967 -0.85307
   0.36534  0.13027 -0.87972
   0.34628  0.13058 -0.90643
   0.32764  0.13059 -0.93264
   0.30943  0.13030 -0.95788
   0.29171  0.12972 -0.98178
   0.27449  0.12886 -1.00408
   0.25780  0.12771 -1.02431
   0.24169  0.12630 -1.04250
   0.22617  0.12464 -1.05816
   0.21127  0.12273 -1.07125
   0.19703  0.12061 -1.08160
   0.18344  0.11830 -1.08886
   0.17054  0.11581 -1.09321
   0.15831  0.11316 -1.09450
   0.14676  0.11039 -1.09225
   0.13588  0.10752 -1.08721
   0.12565  0.10456 -1.07846
   0.11605  0.10153 -1.06720
   0.10705  0.09845 -1.05200
   0.09862  0.09534 -1.03422
   0.09073  0.09220 -1.01293
   0.08336  0.08905 -0.98792
   0.07646  0.08589 -0.96028
   0.07002  0.08272 -0.92921
   0.06399  0.07956 -0.89439
   0.05835  0.07641 -0.85654
   0.05308  0.07326 -0.81466
   0.04815  0.07012 -0.76880
   0.04353  0.06699 -0.71964
   0.03923  0.06387 -0.66613
   0.03520  0.06075 -0.60766
   0.03144  0.05764 -0.54568
   0.02794  0.05453 -0.47844
   0.02467  0.05143 -0.40703
   0.02164  0.04833 -0.33059
   0.01884  0.04523 -0.25004
   0.01625  0.04213 -0.16434
   0.01386  0.03903 -0.07537
   0.01168  0.03593  0.01766
   0.00970  0.03283  0.11385
   0.00792  0.02974  0.21059
   0.00633  0.02664  0.30964
   0.00492  0.02356  0.40722
   0.00370  0.02048  0.50218
   0.00267  0.01742  0.59285
   0.00181  0.01437  0.67836
   0.00112  0.01135  0.75550
   0.00061  0.00835  0.82354
   0.00025  0.00539  0.88153
   0.00005  0.00247  0.92837
   0.00000 -0.00041  0.96311
   0.00009 -0.00329  0.98668
   0.00034 -0.00621  0.99865
   0.00074 -0.00916  0.99810
   0.00132 -0.01212  0.98448
   0.00207 -0.01509  0.95808
   0.00300 -0.01807  0.91908
   0.00412 -0.02105  0.86867
   0.00543 -0.02401  0.80829
   0.00694 -0.02696  0.73982
   0.00864 -0.02988  0.66559
   0.01054 -0.03278  0.58681
   0.01264 -0.03565  0.50499
   0.01494 -0.03849  0.42372
   0.01744 -0.04130  0.34272
   0.02015 -0.04407  0.26359
   0.02307 -0.04680  0.18751
   0.02621 -0.04950  0.11483
   0.02958 -0.05217  0.04600
   0.03317 -0.05480 -0.01911
   0.03701 -0.05739 -0.07960
   0.04110 -0.05996 -0.13613
   0.04546 -0.06249 -0.18803
   0.05011 -0.06499 -0.23591
   0.05506 -0.06746 -0.28007
   0.06033 -0.06990 -0.31995
   0.06595 -0.07230 -0.35648
   0.07194 -0.07467 -0.38895
   0.07834 -0.07700 -0.41820
   0.08518 -0.07929 -0.44399
   0.09249 -0.08154 -0.46656
   0.10030 -0.08372 -0.48584
   0.10867 -0.08585 -0.50224
   0.11763 -0.08790 -0.51521
   0.12721 -0.08986 -0.52540
   0.13748 -0.09173 -0.53236
   0.14845 -0.09347 -0.53637
   0.16017 -0.09508 -0.53758
   0.17267 -0.09653 -0.53592
   0.18597 -0.09780 -0.53144
   0.20008 -0.09886 -0.52425
   0.21499 -0.09971 -0.51464
   0.23070 -0.10031 -0.50259
   0.24719 -0.10065 -0.48833
   0.26444 -0.10072 -0.47220
   0.28240 -0.10050 -0.45438
   0.30103 -0.10000 -0.43507
   0.32031 -0.09920 -0.41474
   0.34018 -0.09812 -0.39355
   0.36060 -0.09674 -0.37195
   0.38154 -0.09509 -0.35038
   0.40296 -0.09317 -0.32935
   0.42482 -0.09098 -0.30943
   0.44710 -0.08855 -0.29104
   0.46976 -0.08587 -0.27424
   0.49280 -0.08297 -0.25884
   0.51618 -0.07985 -0.24498
   0.53992 -0.07652 -0.17386
   0.56402 -0.07299 -0.12647
   0.58853 -0.06926 -0.10290
   0.61353 -0.06533 -0.07893
   0.63902 -0.06127 -0.05789
   0.66487 -0.05713 -0.03754
   0.69097 -0.05293 -0.01774
   0.71722 -0.04869  0.00175
   0.74355 -0.04443  0.02081
   0.76986 -0.04017  0.03977
   0.79605 -0.03592  0.05875
   0.82197 -0.03171  0.07803
   0.84746 -0.02757  0.09788
   0.87227 -0.02353  0.11862
   0.89611 -0.01963  0.14070
   0.91864 -0.01594  0.16443
   0.93954 -0.01250  0.19005
   0.95860 -0.00935  0.21818
   0.97569 -0.00650  0.24817
   0.99087 -0.00395  0.28278
   1.00000 -0.00242  0.29536
