x y
0.78530400 0.01173462
0.77657904 0.01421851
0.76693323 0.01651898
0.75639586 0.01895904
0.74492956 0.02159296
0.73248799 0.02442775
0.71903157 0.02747469
0.70452284 0.03072183
0.68893699 0.03417320
0.67224763 0.03777348
0.65445351 0.04152187
0.63555729 0.04536341
0.61557578 0.04922395
0.59454329 0.05301965
0.57251198 0.05665042
0.54955927 0.06003250
0.52578097 0.06306609
0.50129779 0.06568450
0.47625279 0.06788336
0.45080243 0.06968423
0.42511058 0.07112181
0.39934444 0.07221278
0.37366979 0.07295618
0.34825162 0.07340120
0.32324597 0.07355603
0.29879843 0.07343043
0.27504150 0.07305431
0.25209154 0.07243240
0.23004782 0.07158782
0.20899013 0.07055213
0.18898050 0.06933865
0.17006237 0.06796995
0.15226134 0.06646855
0.13558800 0.06485000
0.12003882 0.06312419
0.10559559 0.06132311
0.09223435 0.05943853
0.07991701 0.05750611
0.06861057 0.05548510
0.05826895 0.05339305
0.04886330 0.05115861
0.04037263 0.04871205
0.03277531 0.04602060
0.02602785 0.04313994
0.02018997 0.03992456
0.01539735 0.03624398
0.01160562 0.03229161
0.00862506 0.02833191
0.00630848 0.02449886
0.00452335 0.02087113
0.00317052 0.01748553
0.00217631 0.01435473
0.00144498 0.01148956
0.00090198 0.00888535
0.00051205 0.00652595
0.00024573 0.00439406
0.00007551 0.00247229
-0.00000865 0.00074259
-0.00003373 -0.00081079
-0.00000703 -0.00220363
0.00006051 -0.00345103
0.00015571 -0.00456668
0.00027097 -0.00556297
0.00040190 -0.00645203
0.00053957 -0.00724494
0.00067694 -0.00795233
0.00081182 -0.00858306
0.00094310 -0.00914531
0.00106917 -0.00964644
0.00118856 -0.01009333
0.00130827 -0.01051388
0.00144819 -0.01097787
0.00161231 -0.01148973
0.00180556 -0.01205396
0.00203367 -0.01267106
0.00230334 -0.01334503
0.00262259 -0.01408167
0.00300101 -0.01488801
0.00344670 -0.01576768
0.00396888 -0.01671957
0.00458713 -0.01774899
0.00532142 -0.01885871
0.00618191 -0.02004357
0.00719679 -0.02130851
0.00837857 -0.02264763
0.00976519 -0.02405256
0.01137541 -0.02551241
0.01324775 -0.02701250
0.01539024 -0.02855422
0.01783180 -0.03013422
0.02060826 -0.03172562
0.02374008 -0.03332737
0.02724697 -0.03494966
0.03117164 -0.03656017
0.03553783 -0.03816546
0.04036559 -0.03979643
0.04569761 -0.04142671
0.05157727 -0.04302457
0.05803280 -0.04461614
0.06510107 -0.04620605
0.07282256 -0.04778299
0.08123507 -0.04935288
0.09038119 -0.05088980
0.10029416 -0.05241714
0.11101387 -0.05390421
0.12256907 -0.05537344
0.13499179 -0.05680101
0.14830914 -0.05815039
0.16253727 -0.05941406
0.17768689 -0.06057901
0.19375939 -0.06162986
0.21074724 -0.06252195
0.22863011 -0.06323947
0.24737461 -0.06378395
0.26693794 -0.06408341
0.28726051 -0.06413659
0.30827101 -0.06391445
0.32988524 -0.06336338
0.35200404 -0.06242076
0.37451423 -0.06099888
0.39728804 -0.05900027
0.42019026 -0.05638457
0.44309404 -0.05322039
0.46588678 -0.04965163
0.48845351 -0.04576467
0.51067691 -0.04159667
0.53245472 -0.03722867
0.55367270 -0.03263632
0.57418813 -0.02764287
0.59391803 -0.02230899
0.61278810 -0.01668434
0.63076049 -0.01088588
0.64787816 -0.00520690
0.66414746 0.00022921
0.67736609 0.00442263
0.68749690 0.00732907
0.69580078 0.00942178
0.70297375 0.01093894
0.70944646 0.01210853
0.71551215 0.01306370
0.72141834 0.01384973
0.72738406 0.01448543
0.73363115 0.01496566
0.74043424 0.01526746
0.74814302 0.01533864
0.75730736 0.01506204
0.76743339 0.01430548
0.77673123 0.01301473
0.78530400 0.01173462
999.90000000 999.90000000
1.00000062 -0.08675607
0.99761172 -0.08510237
0.99506969 -0.08334361
0.99237060 -0.08147623
0.98951053 -0.07949664
0.98648318 -0.07740202
0.98324223 -0.07525666
0.97973899 -0.07312672
0.97603235 -0.07092400
0.97212468 -0.06864420
0.96800498 -0.06630576
0.96367324 -0.06391169
0.95913104 -0.06147214
0.95437602 -0.05900067
0.94942076 -0.05649556
0.94427152 -0.05395827
0.93894480 -0.05139053
0.93344375 -0.04881322
0.92777778 -0.04624196
0.92196653 -0.04367979
0.91602256 -0.04114247
0.90996237 -0.03864557
0.90380716 -0.03619471
0.89757106 -0.03381429
0.89127449 -0.03152224
0.88494102 -0.02932261
0.87859419 -0.02722111
0.87225679 -0.02522901
0.86595236 -0.02334699
0.85970449 -0.02157522
0.85353514 -0.01991744
0.84746317 -0.01837684
0.84150664 -0.01695921
0.83567968 -0.01568262
0.82999644 -0.01454460
0.82447261 -0.01354694
0.81911919 -0.01269775
0.81394875 -0.01197549
0.80896992 -0.01137459
0.80418978 -0.01089355
0.79961381 -0.01051332
0.79524516 -0.01023473
0.79108384 -0.01006080
0.78713062 -0.00997348
0.78338472 -0.00996892
0.77984323 -0.01003672
0.77650216 -0.01015856
0.77335599 -0.01031684
0.77039814 -0.01050525
0.76762296 -0.01072181
0.76502290 -0.01096351
0.76259183 -0.01123308
0.76032207 -0.01152523
0.75820826 -0.01184895
0.75624390 -0.01220441
0.75442514 -0.01260133
0.75274404 -0.01302924
0.75119848 -0.01349312
0.74977583 -0.01397635
0.74848062 -0.01449086
0.74729560 -0.01502155
0.74623693 -0.01558587
0.74528035 -0.01616870
0.74444322 -0.01677094
0.74370888 -0.01738665
0.74306580 -0.01800349
0.74252928 -0.01861694
0.74206422 -0.01922837
0.74168460 -0.01982973
0.74139318 -0.02040857
0.74116834 -0.02095871
0.74101906 -0.02148651
0.74094116 -0.02199479
0.74091870 -0.02248097
0.74094453 -0.02291965
0.74101042 -0.02331062
0.74110599 -0.02366951
0.74122237 -0.02400620
0.74134598 -0.02430663
0.74147422 -0.02456776
0.74161683 -0.02480894
0.74180389 -0.02506700
0.74205542 -0.02534215
0.74237732 -0.02562540
0.74275984 -0.02589807
0.74321673 -0.02614596
0.74376432 -0.02635106
0.74440034 -0.02654597
0.74512667 -0.02674014
0.74595760 -0.02690071
0.74689934 -0.02703882
0.74795769 -0.02718932
0.74914876 -0.02734414
0.75048700 -0.02751223
0.75198748 -0.02770039
0.75366756 -0.02791029
0.75554632 -0.02814504
0.75764284 -0.02841143
0.75997779 -0.02871749
0.76257369 -0.02906371
0.76545403 -0.02944752
0.76864244 -0.02986937
0.77216217 -0.03033325
0.77603553 -0.03084304
0.78028394 -0.03140307
0.78492611 -0.03201977
0.78997813 -0.03269964
0.79545248 -0.03343974
0.80135718 -0.03424293
0.80769066 -0.03513343
0.81444899 -0.03610000
0.82161646 -0.03715288
0.82917187 -0.03829718
0.83708145 -0.03954869
0.84530358 -0.04090799
0.85379036 -0.04237763
0.86248132 -0.04397007
0.87131442 -0.04567810
0.88022212 -0.04750174
0.88912826 -0.04944609
0.89796371 -0.05149668
0.90665938 -0.05364078
0.91514616 -0.05587132
0.92336358 -0.05817356
0.93126924 -0.06050502
0.93880894 -0.06286550
0.94595442 -0.06523303
0.95267977 -0.06757349
0.95897398 -0.06986423
0.96483706 -0.07207294
0.97027293 -0.07417577
0.97527846 -0.07619087
0.97984265 -0.07816303
0.98401183 -0.08001274
0.98785275 -0.08163565
0.99135206 -0.08311061
0.99452862 -0.08444971
0.99740519 -0.08566182
1.00000062 -0.08675607

