x y
Transition
Upper Surface = 100 %
Lower Surface = 100 %
Mach	0
Element:	1	2
Pressure Coefficient Distributions
	Angle of Attack	-4.30
	Cp*	-6.08
	M cr.	0.31
Element	1
x	y
0.78530	0.01173	0.98820
0.77658	0.01422	-1.11240
0.76693	0.01652	-0.96826
0.75640	0.01896	-0.93094
0.74493	0.02159	-0.91263
0.73249	0.02443	-0.90115
0.71903	0.02747	-0.90270
0.70452	0.03072	-0.90798
0.68894	0.03417	-0.92832
0.67225	0.03777	-0.94389
0.65445	0.04152	-0.97177
0.63556	0.04536	-1.00521
0.61558	0.04922	-1.04053
0.59454	0.05302	-1.07610
0.57251	0.05665	-1.10548
0.54956	0.06003	-1.13071
0.52578	0.06307	-1.14362
0.50130	0.06568	-1.14064
0.47625	0.06788	-1.12867
0.45080	0.06968	-1.11285
0.42511	0.07112	-1.09946
0.39934	0.07221	-1.08941
0.37367	0.07296	-1.07583
0.34825	0.07340	-1.06976
0.32325	0.07356	-1.06695
0.29880	0.07343	-1.06509
0.27504	0.07305	-1.06949
0.25209	0.07243	-1.07488
0.23005	0.07159	-1.08241
0.20899	0.07055	-1.09616
0.18898	0.06934	-1.11281
0.17006	0.06797	-1.13389
0.15226	0.06647	-1.16128
0.13559	0.06485	-1.19548
0.12004	0.06312	-1.23228
0.10560	0.06132	-1.28600
0.09223	0.05944	-1.34151
0.07992	0.05751	-1.43158
0.06861	0.05549	-1.52568
0.05827	0.05339	-1.67262
0.04886	0.05116	-1.84651
0.04037	0.04871	-2.02019
0.03278	0.04602	-2.15404
0.02603	0.04314	-2.41606
0.02019	0.03992	-2.65333
0.01540	0.03624	-2.45529
0.01161	0.03229	-1.97115
0.00863	0.02833	-1.51421
0.00631	0.02450	-1.09693
0.00452	0.02087	-0.74432
0.00317	0.01749	-0.44645
0.00218	0.01435	-0.17426
0.00144	0.01149	0.04527
0.00090	0.00889	0.21025
0.00051	0.00653	0.34496
0.00025	0.00439	0.45712
0.00008	0.00247	0.54635
-0.00001	0.00074	0.62745
-0.00003	-0.00081	0.69072
-0.00001	-0.00220	0.74551
0.00006	-0.00345	0.79265
0.00016	-0.00457	0.83112
0.00027	-0.00556	0.86281
0.00040	-0.00645	0.89013
0.00054	-0.00724	0.91230
0.00068	-0.00795	0.92958
0.00081	-0.00858	0.94344
0.00094	-0.00915	0.95476
0.00107	-0.00965	0.96392
0.00119	-0.01009	0.97115
0.00131	-0.01051	0.97743
0.00145	-0.01098	0.98348
0.00161	-0.01149	0.98910
0.00181	-0.01205	0.99399
0.00203	-0.01267	0.99773
0.00230	-0.01335	0.99978
0.00262	-0.01408	0.99955
0.00300	-0.01489	0.99638
0.00345	-0.01577	0.98948
0.00397	-0.01672	0.97791
0.00459	-0.01775	0.96079
0.00532	-0.01886	0.93768
0.00618	-0.02004	0.90749
0.00720	-0.02131	0.87076
0.00838	-0.02265	0.82487
0.00977	-0.02405	0.77417
0.01138	-0.02551	0.71708
0.01325	-0.02701	0.66358
0.01539	-0.02855	0.60713
0.01783	-0.03013	0.54709
0.02061	-0.03173	0.49633
0.02374	-0.03333	0.45190
0.02725	-0.03495	0.40229
0.03117	-0.03656	0.36684
0.03554	-0.03817	0.34013
0.04037	-0.03980	0.30435
0.04570	-0.04143	0.27153
0.05158	-0.04302	0.25354
0.05803	-0.04462	0.23488
0.06510	-0.04621	0.21564
0.07282	-0.04778	0.20041
0.08124	-0.04935	0.18288
0.09038	-0.05089	0.17307
0.10029	-0.05242	0.15820
0.11101	-0.05390	0.14990
0.12257	-0.05537	0.13698
0.13499	-0.05680	0.12365
0.14831	-0.05815	0.11452
0.16254	-0.05941	0.10617
0.17769	-0.06058	0.09843
0.19376	-0.06163	0.08945
0.21075	-0.06252	0.08406
0.22863	-0.06324	0.08078
0.24737	-0.06378	0.07336
0.26694	-0.06408	0.07170
0.28726	-0.06414	0.06908
0.30827	-0.06391	0.06553
0.32989	-0.06336	0.06258
0.35200	-0.06242	0.06054
0.37451	-0.06100	0.06241
0.39729	-0.05900	0.07412
0.42019	-0.05638	0.09865
0.44309	-0.05322	0.13123
0.46589	-0.04965	0.16130
0.48845	-0.04576	0.18737
0.51068	-0.04160	0.21283
0.53245	-0.03723	0.22960
0.55367	-0.03264	0.23704
0.57419	-0.02764	0.25699
0.59392	-0.02231	0.27784
0.61279	-0.01668	0.30172
0.63076	-0.01089	0.33050
0.64788	-0.00521	0.34144
0.66415	0.00023	0.34863
0.67737	0.00442	0.34054
0.68750	0.00733	0.31857
0.69580	0.00942	0.28871
0.70297	0.01094	0.23345
0.70945	0.01211	0.17008
0.71551	0.01306	0.11073
0.72142	0.01385	0.04755
0.72738	0.01449	-0.02245
0.73363	0.01497	-0.10512
0.74043	0.01527	-0.20490
0.74814	0.01534	-0.32228
0.75731	0.01506	-0.45594
0.76743	0.01431	-0.56440
0.77673	0.01301	-0.75721
0.78530	0.01173	0.98865
Element	2
x	y
0.98473	-0.14916	0.98986
0.98266	-0.14712	-0.03098
0.98046	-0.14495	0.07461
0.97813	-0.14264	0.03367
0.97566	-0.14019	-0.02617
0.97304	-0.13760	-0.12721
0.97022	-0.13493	-0.22438
0.96714	-0.13222	-0.23042
0.96387	-0.12941	-0.27053
0.96042	-0.12649	-0.32446
0.95677	-0.12347	-0.37298
0.95292	-0.12036	-0.42350
0.94887	-0.11717	-0.47471
0.94462	-0.11391	-0.51656
0.94017	-0.11058	-0.56008
0.93554	-0.10719	-0.60402
0.93074	-0.10373	-0.65935
0.92577	-0.10024	-0.71338
0.92064	-0.09672	-0.76200
0.91536	-0.09319	-0.81730
0.90995	-0.08966	-0.87334
0.90441	-0.08615	-0.92638
0.89878	-0.08267	-0.98860
0.89305	-0.07924	-1.04714
0.88724	-0.07589	-1.09764
0.88139	-0.07262	-1.14702
0.87550	-0.06945	-1.19774
0.86961	-0.06639	-1.24275
0.86373	-0.06344	-1.28705
0.85788	-0.06061	-1.33433
0.85209	-0.05791	-1.38396
0.84638	-0.05534	-1.43768
0.84076	-0.05291	-1.49984
0.83525	-0.05064	-1.54948
0.82985	-0.04853	-1.59818
0.82458	-0.04659	-1.64691
0.81945	-0.04482	-1.67059
0.81449	-0.04321	-1.70116
0.80969	-0.04176	-1.73330
0.80507	-0.04045	-1.75129
0.80062	-0.03928	-1.78599
0.79637	-0.03825	-1.82348
0.79230	-0.03736	-1.83924
0.78842	-0.03658	-1.86548
0.78474	-0.03593	-1.88318
0.78124	-0.03538	-1.89030
0.77793	-0.03492	-1.90156
0.77480	-0.03453	-1.93802
0.77185	-0.03420	-1.99699
0.76908	-0.03393	-2.07253
0.76648	-0.03372	-2.17669
0.76404	-0.03356	-2.28846
0.76175	-0.03346	-2.45205
0.75962	-0.03341	-2.62193
0.75762	-0.03342	-2.83228
0.75576	-0.03349	-2.98980
0.75403	-0.03362	-3.19038
0.75243	-0.03381	-2.81492
0.74978	-0.03398	-6.07827
0.74848	-0.03449	-4.45965
0.74730	-0.03502	-4.54140
0.74624	-0.03559	-4.42293
0.74528	-0.03617	-4.55335
0.74444	-0.03677	-4.52116
0.74371	-0.03739	-4.43583
0.74307	-0.03800	-4.53962
0.74253	-0.03862	-4.33848
0.74206	-0.03923	-4.39034
0.74168	-0.03983	-4.35736
0.74139	-0.04041	-4.11293
0.74117	-0.04096	-4.18761
0.74102	-0.04149	-4.01551
0.74094	-0.04199	-3.55778
0.74092	-0.04248	-3.17053
0.74094	-0.04292	-2.80620
0.74101	-0.04331	-2.34718
0.74111	-0.04367	-1.88956
0.74122	-0.04401	-1.52574
0.74135	-0.04431	-1.31838
0.74147	-0.04457	-1.14738
0.74162	-0.04481	-0.95414
0.74180	-0.04507	-0.69388
0.74206	-0.04534	-0.34185
0.74238	-0.04563	-0.01173
0.74276	-0.04590	0.24437
0.74322	-0.04615	0.47728
0.74376	-0.04635	0.69910
0.74440	-0.04655	0.82064
0.74513	-0.04674	0.89021
0.74596	-0.04690	0.94301
0.74690	-0.04704	0.97376
0.74796	-0.04719	0.98901
0.74915	-0.04734	0.99716
0.75074	-0.04794	0.99966
0.75236	-0.04844	0.99930
0.75417	-0.04899	0.99554
0.75618	-0.04962	0.98903
0.75843	-0.05033	0.98018
0.76093	-0.05112	0.96933
0.76370	-0.05200	0.95695
0.76676	-0.05297	0.94349
0.77015	-0.05403	0.92919
0.77387	-0.05521	0.91436
0.77796	-0.05650	0.89924
0.78243	-0.05791	0.88396
0.78728	-0.05946	0.86837
0.79255	-0.06114	0.85323
0.79822	-0.06295	0.83923
0.80430	-0.06493	0.82437
0.81079	-0.06706	0.81081
0.81767	-0.06934	0.79777
0.82491	-0.07178	0.78583
0.83248	-0.07438	0.77395
0.84034	-0.07715	0.76277
0.84845	-0.08007	0.75262
0.85673	-0.08315	0.74222
0.86513	-0.08636	0.73260
0.87359	-0.08971	0.72365
0.88202	-0.09317	0.71403
0.89036	-0.09672	0.70459
0.89856	-0.10034	0.69542
0.90653	-0.10401	0.68555
0.91422	-0.10771	0.67369
0.92160	-0.11138	0.66379
0.92861	-0.11501	0.65171
0.93524	-0.11858	0.63764
0.94146	-0.12206	0.62271
0.94726	-0.12540	0.60572
0.95265	-0.12860	0.58861
0.95764	-0.13161	0.57514
0.96222	-0.13447	0.56246
0.96637	-0.13720	0.52757
0.97015	-0.13975	0.48087
0.97365	-0.14201	0.46501
0.97684	-0.14407	0.43713
0.97974	-0.14594	0.39256
0.98236	-0.14764	0.29035
0.98473	-0.14916	0.98986
