x y
Transition
Upper Surface = 100 %
Lower Surface = 100 %
Mach	0
Element:	1	2
Pressure Coefficient Distributions
	Angle of Attack	-4.30
	Cp*	-2.95
	M cr.	0.42
Element	1
x	y
0.78530	0.01173	0.98829
0.77658	0.01422	-1.23300
0.76693	0.01652	-1.05134
0.75640	0.01896	-1.00557
0.74493	0.02159	-0.98359
0.73249	0.02443	-0.97156
0.71903	0.02747	-0.97309
0.70452	0.03072	-0.97833
0.68894	0.03417	-0.99892
0.67225	0.03777	-1.01426
0.65445	0.04152	-1.04218
0.63556	0.04536	-1.07580
0.61558	0.04922	-1.11134
0.59454	0.05302	-1.14719
0.57251	0.05665	-1.17669
0.54956	0.06003	-1.20201
0.52578	0.06307	-1.21472
0.50130	0.06568	-1.21117
0.47625	0.06788	-1.19852
0.45080	0.06968	-1.18208
0.42511	0.07112	-1.16833
0.39934	0.07221	-1.15823
0.37367	0.07296	-1.14468
0.34825	0.07340	-1.13909
0.32325	0.07356	-1.13706
0.29880	0.07343	-1.13625
0.27504	0.07305	-1.14213
0.25209	0.07243	-1.14928
0.23005	0.07159	-1.15890
0.20899	0.07055	-1.17525
0.18898	0.06934	-1.19490
0.17006	0.06797	-1.21950
0.15226	0.06647	-1.25104
0.13559	0.06485	-1.29011
0.12004	0.06312	-1.33239
0.10560	0.06132	-1.39294
0.09223	0.05944	-1.45609
0.07992	0.05751	-1.55639
0.06861	0.05549	-1.66211
0.05827	0.05339	-1.82510
0.04886	0.05116	-2.01881
0.04037	0.04871	-2.21517
0.03278	0.04602	-2.37240
0.02603	0.04314	-2.67149
0.02019	0.03992	-2.95130
0.01540	0.03624	-2.76550
0.01161	0.03229	-2.26619
0.00863	0.02833	-1.79100
0.00631	0.02450	-1.35336
0.00452	0.02087	-0.98162
0.00317	0.01749	-0.66569
0.00218	0.01435	-0.37273
0.00144	0.01149	-0.13466
0.00090	0.00889	0.04420
0.00051	0.00653	0.19113
0.00025	0.00439	0.31454
0.00008	0.00247	0.41288
-0.00001	0.00074	0.50445
-0.00003	-0.00081	0.57594
-0.00001	-0.00220	0.63912
0.00006	-0.00345	0.69480
0.00016	-0.00457	0.74099
0.00027	-0.00556	0.77983
0.00040	-0.00645	0.81465
0.00054	-0.00724	0.84377
0.00068	-0.00795	0.86687
0.00081	-0.00858	0.88592
0.00094	-0.00915	0.90206
0.00107	-0.00965	0.91566
0.00119	-0.01009	0.92669
0.00131	-0.01051	0.93688
0.00145	-0.01098	0.94724
0.00161	-0.01149	0.95768
0.00181	-0.01205	0.96791
0.00203	-0.01267	0.97771
0.00230	-0.01335	0.98650
0.00262	-0.01408	0.99362
0.00300	-0.01489	0.99838
0.00345	-0.01577	0.99999
0.00397	-0.01672	0.99759
0.00459	-0.01775	0.99016
0.00532	-0.01886	0.97685
0.00618	-0.02004	0.95677
0.00720	-0.02131	0.92971
0.00838	-0.02265	0.89400
0.00977	-0.02405	0.85201
0.01138	-0.02551	0.80301
0.01325	-0.02701	0.75439
0.01539	-0.02855	0.70216
0.01783	-0.03013	0.64592
0.02061	-0.03173	0.59613
0.02374	-0.03333	0.55116
0.02725	-0.03495	0.50177
0.03117	-0.03656	0.46417
0.03554	-0.03817	0.43431
0.04037	-0.03980	0.39695
0.04570	-0.04143	0.36229
0.05158	-0.04302	0.34093
0.05803	-0.04462	0.31937
0.06510	-0.04621	0.29762
0.07282	-0.04778	0.27978
0.08124	-0.04935	0.26015
0.09038	-0.05089	0.24782
0.10029	-0.05242	0.23116
0.11101	-0.05390	0.22078
0.12257	-0.05537	0.20643
0.13499	-0.05680	0.19195
0.14831	-0.05815	0.18158
0.16254	-0.05941	0.17220
0.17769	-0.06058	0.16365
0.19376	-0.06163	0.15422
0.21075	-0.06252	0.14842
0.22863	-0.06324	0.14489
0.24737	-0.06378	0.13784
0.26694	-0.06408	0.13651
0.28726	-0.06414	0.13468
0.30827	-0.06391	0.13244
0.32989	-0.06336	0.13127
0.35200	-0.06242	0.13156
0.37451	-0.06100	0.13618
0.39729	-0.05900	0.15066
0.42019	-0.05638	0.17773
0.44309	-0.05322	0.21297
0.46589	-0.04965	0.24684
0.48845	-0.04576	0.27825
0.51068	-0.04160	0.31056
0.53245	-0.03723	0.33717
0.55367	-0.03264	0.35856
0.57419	-0.02764	0.39387
0.59392	-0.02231	0.43359
0.61279	-0.01668	0.47965
0.63076	-0.01089	0.53280
0.64788	-0.00521	0.57675
0.66415	0.00023	0.62097
0.67737	0.00442	0.65077
0.68750	0.00733	0.66574
0.69580	0.00942	0.67200
0.70297	0.01094	0.66365
0.70945	0.01211	0.64977
0.71551	0.01306	0.63505
0.72142	0.01385	0.61508
0.72738	0.01449	0.58674
0.73363	0.01497	0.54384
0.74043	0.01527	0.47643
0.74814	0.01534	0.36687
0.75731	0.01506	0.17892
0.76743	0.01431	-0.08979
0.77673	0.01301	-0.41766
0.78530	0.01173	0.98888
Element	2
x	y
1.00473	-0.12916	0.98937
1.00266	-0.12712	0.02473
1.00046	-0.12495	0.09005
0.99813	-0.12264	0.03842
0.99566	-0.12019	-0.02708
0.99304	-0.11760	-0.13199
0.99022	-0.11493	-0.23153
0.98714	-0.11222	-0.23792
0.98387	-0.10941	-0.27870
0.98042	-0.10649	-0.33330
0.97677	-0.10347	-0.38221
0.97292	-0.10036	-0.43295
0.96887	-0.09717	-0.48423
0.96462	-0.09391	-0.52591
0.96017	-0.09058	-0.56915
0.95554	-0.08719	-0.61271
0.95074	-0.08373	-0.66763
0.94577	-0.08024	-0.72109
0.94064	-0.07672	-0.76896
0.93536	-0.07319	-0.82339
0.92995	-0.06966	-0.87838
0.92441	-0.06615	-0.93017
0.91878	-0.06267	-0.99093
0.91305	-0.05924	-1.04774
0.90724	-0.05589	-1.09621
0.90139	-0.05262	-1.14324
0.89550	-0.04945	-1.19124
0.88961	-0.04639	-1.23309
0.88373	-0.04344	-1.27375
0.87788	-0.04061	-1.31676
0.87209	-0.03791	-1.36137
0.86638	-0.03534	-1.40913
0.86076	-0.03291	-1.46406
0.85525	-0.03064	-1.50525
0.84985	-0.02853	-1.54382
0.84458	-0.02659	-1.58036
0.83945	-0.02482	-1.59005
0.83449	-0.02321	-1.60364
0.82969	-0.02176	-1.61529
0.82507	-0.02045	-1.60942
0.82062	-0.01928	-1.61471
0.81637	-0.01825	-1.61695
0.81230	-0.01736	-1.59302
0.80842	-0.01658	-1.57241
0.80474	-0.01593	-1.53767
0.80124	-0.01538	-1.48782
0.79793	-0.01492	-1.43658
0.79480	-0.01453	-1.40170
0.79185	-0.01420	-1.38015
0.78908	-0.01393	-1.36676
0.78648	-0.01372	-1.37026
0.78404	-0.01356	-1.37444
0.78175	-0.01346	-1.41037
0.77962	-0.01341	-1.44433
0.77762	-0.01342	-1.49882
0.77576	-0.01349	-1.51328
0.77403	-0.01362	-1.54977
0.77243	-0.01381	-1.25036
0.76978	-0.01398	-2.90661
0.76848	-0.01449	-1.87795
0.76730	-0.01502	-1.80675
0.76624	-0.01559	-1.63812
0.76528	-0.01617	-1.59263
0.76444	-0.01677	-1.47100
0.76371	-0.01739	-1.32908
0.76307	-0.01800	-1.26700
0.76253	-0.01862	-1.08255
0.76206	-0.01923	-0.99688
0.76168	-0.01983	-0.87602
0.76139	-0.02041	-0.68649
0.76117	-0.02096	-0.60367
0.76102	-0.02149	-0.44248
0.76094	-0.02199	-0.21038
0.76092	-0.02248	-0.01384
0.76094	-0.02292	0.15823
0.76101	-0.02331	0.33013
0.76111	-0.02367	0.48064
0.76122	-0.02401	0.59671
0.76135	-0.02431	0.67382
0.76147	-0.02457	0.73602
0.76162	-0.02481	0.79430
0.76180	-0.02507	0.85605
0.76206	-0.02534	0.91675
0.76238	-0.02563	0.96141
0.76276	-0.02590	0.98749
0.76322	-0.02615	0.99901
0.76376	-0.02635	0.99877
0.76440	-0.02655	0.99277
0.76513	-0.02674	0.98328
0.76596	-0.02690	0.97462
0.76690	-0.02704	0.96890
0.76796	-0.02719	0.96348
0.76915	-0.02734	0.97003
0.77074	-0.02794	0.94176
0.77236	-0.02844	0.93230
0.77417	-0.02899	0.92013
0.77618	-0.02962	0.90790
0.77843	-0.03033	0.89488
0.78093	-0.03112	0.88138
0.78370	-0.03200	0.86802
0.78676	-0.03297	0.85499
0.79015	-0.03403	0.84217
0.79387	-0.03521	0.82960
0.79796	-0.03650	0.81741
0.80243	-0.03791	0.80544
0.80728	-0.03946	0.79328
0.81255	-0.04114	0.78195
0.81822	-0.04295	0.77221
0.82430	-0.04493	0.76106
0.83079	-0.04706	0.75149
0.83767	-0.04934	0.74230
0.84491	-0.05178	0.73417
0.85248	-0.05438	0.72579
0.86034	-0.05715	0.71793
0.86845	-0.06007	0.71097
0.87673	-0.06315	0.70342
0.88513	-0.06636	0.69649
0.89359	-0.06971	0.69005
0.90202	-0.07317	0.68264
0.91036	-0.07672	0.67523
0.91856	-0.08034	0.66796
0.92653	-0.08401	0.65977
0.93422	-0.08771	0.64933
0.94160	-0.09138	0.64094
0.94861	-0.09501	0.63013
0.95524	-0.09858	0.61718
0.96146	-0.10206	0.60334
0.96726	-0.10540	0.58736
0.97265	-0.10860	0.57136
0.97764	-0.11161	0.55931
0.98222	-0.11447	0.54824
0.98637	-0.11720	0.51422
0.99015	-0.11975	0.46860
0.99365	-0.12201	0.45638
0.99684	-0.12407	0.43392
0.99974	-0.12594	0.39986
1.00236	-0.12764	0.33131
1.00473	-0.12916	0.98937
