NLR7301
Transition
Upper Surface = 100 %
Lower Surface = 100 %
Mach	0
Element:	1
Pressure Coefficient Distributions
	Angle of Attack	14.00
	Cp*	-9.07
	M cr.	0.26
Element	1
x	y
1.00000	0.00055	0.98789
0.99000	0.00258	-0.03250
0.97500	0.00577	0.06114
0.95000	0.01129	0.02943
0.92500	0.01696	-0.02927
0.90000	0.02269	-0.08968
0.85000	0.03415	-0.23107
0.80000	0.04523	-0.38366
0.75000	0.05551	-0.54202
0.70000	0.06458	-0.69684
0.65000	0.07212	-0.83923
0.60000	0.07789	-0.94466
0.55000	0.08206	-1.02560
0.50000	0.08495	-1.10505
0.45000	0.08678	-1.19516
0.40000	0.08764	-1.29985
0.35000	0.08755	-1.42360
0.30000	0.08649	-1.57424
0.25000	0.08441	-1.77104
0.20000	0.08115	-2.03546
0.15000	0.07648	-2.44203
0.12500	0.07347	-2.75981
0.10000	0.06985	-3.20821
0.08000	0.06636	-3.77621
0.06500	0.06321	-4.46672
0.05000	0.05920	-5.41272
0.03500	0.05372	-6.70946
0.02500	0.04873	-8.62167
0.02000	0.04514	-9.06694
0.01600	0.04140	-8.83278
0.01250	0.03729	-8.27580
0.01000	0.03375	-7.78854
0.00800	0.03043	-7.31857
0.00650	0.02756	-6.91585
0.00500	0.02424	-6.42994
0.00350	0.02030	-5.96290
0.00200	0.01518	-5.24454
0.00100	0.01051	-4.69008
0.00050	0.00730	-4.39629
0.00000	0.00000	-3.69172
0.00050	-0.00748	-3.00796
0.00100	-0.01020	-2.74748
0.00200	-0.01373	-2.26795
0.00350	-0.01735	-1.65059
0.00500	-0.02016	-1.19432
0.00650	-0.02252	-0.85328
0.00800	-0.02455	-0.56252
0.01000	-0.02688	-0.24360
0.01250	-0.02935	0.07289
0.01600	-0.03225	0.38316
0.02000	-0.03502	0.61600
0.02500	-0.03794	0.79375
0.03500	-0.04264	0.94971
0.05000	-0.04806	0.99990
0.06500	-0.05229	0.98311
0.08000	-0.05576	0.94682
0.10000	-0.05962	0.89152
0.12500	-0.06358	0.82479
0.15000	-0.06689	0.76114
0.20000	-0.07194	0.65173
0.25000	-0.07527	0.56085
0.30000	-0.07713	0.48261
0.35000	-0.07763	0.41281
0.40000	-0.07672	0.34862
0.45000	-0.07412	0.29293
0.50000	-0.06934	0.26478
0.55000	-0.06237	0.26958
0.60000	-0.05386	0.28112
0.65000	-0.04397	0.31079
0.70000	-0.03316	0.35519
0.75000	-0.02227	0.40198
0.80000	-0.01221	0.44590
0.85000	-0.00409	0.47507
0.90000	0.00108	0.47609
0.92500	0.00228	0.45702
0.95000	0.00246	0.41712
0.97500	0.00153	0.31211
0.99000	0.00042	0.04964
1.00000	0.00055	0.98789
