Name = NLR7301
Mach = 0; Re = 30000000; T.U. = 0.0; T.L. = 0.0
Surface Finish = 0; Stall model = 1; Transition model = 1; Aspect Ratio = 0; ground effect = 0
alpha	Cl	Cd	Cm 0.25	T.U.	T.L.	S.U.	S.L.	L/D	A.C.	C.P.
[-]	[-]	[-]	[-]	[-]	[-]	[-]	[-]	[-]	[-]	[-]
-5.0	-0.325	0.01002	-0.068	0.004	0.004	1.000	0.993	-32.401	0.265	0.041
-4.5	-0.263	0.00985	-0.069	0.004	0.004	1.000	0.993	-26.671	0.265	-0.012
-4.0	-0.200	0.00967	-0.070	0.002	0.002	1.000	0.993	-20.722	0.265	-0.098
-3.5	-0.138	0.00955	-0.071	0.002	0.002	1.000	0.993	-14.468	0.265	-0.261
-3.0	-0.076	0.00945	-0.072	0.001	0.001	1.000	0.993	-8.015	0.265	-0.695
-2.5	-0.013	0.00938	-0.073	0.001	0.001	1.000	0.993	-1.413	0.265	-5.223
-2.0	0.049	0.00931	-0.073	0.000	0.000	1.000	0.993	5.214	0.265	1.763
-1.5	0.111	0.00926	-0.074	0.000	0.000	1.000	0.993	12.022	0.265	0.918
-1.0	0.174	0.00923	-0.075	0.000	0.000	1.000	0.994	18.851	0.265	0.683
-0.5	0.237	0.00923	-0.076	0.000	0.000	1.000	0.994	25.635	0.265	0.572
-0.0	0.299	0.00923	-0.077	0.000	0.000	1.000	0.994	32.407	0.264	0.508
0.5	0.361	0.00926	-0.078	0.000	0.000	1.000	0.994	39.022	0.264	0.466
1.0	0.424	0.00932	-0.079	0.000	0.000	1.000	0.994	45.472	0.264	0.436
1.5	0.486	0.00938	-0.080	0.000	0.000	1.000	0.994	51.782	0.264	0.414
2.0	0.548	0.00948	-0.080	0.001	0.001	1.000	0.994	57.784	0.264	0.397
2.5	0.609	0.00957	-0.081	0.002	0.002	1.000	0.994	63.669	0.264	0.384
3.0	0.671	0.00969	-0.082	0.002	0.002	1.000	0.994	69.234	0.264	0.373
3.5	0.732	0.00983	-0.083	0.004	0.004	1.000	0.994	74.420	0.263	0.363
4.0	0.792	0.00998	-0.084	0.004	0.004	1.000	0.995	79.398	0.263	0.356
4.5	0.853	0.01015	-0.085	0.005	0.005	1.000	0.995	84.019	0.263	0.349
5.0	0.913	0.01036	-0.085	0.006	0.006	1.000	0.995	88.128	0.263	0.344
5.5	0.972	0.01056	-0.086	0.008	0.008	1.000	0.995	92.081	0.263	0.339
6.0	1.031	0.01079	-0.087	0.008	0.008	1.000	0.995	95.635	0.263	0.334
6.5	1.090	0.01106	-0.088	0.010	0.010	1.000	0.995	98.499	0.263	0.331
7.0	1.147	0.01133	-0.089	0.013	0.013	1.000	0.995	101.272	0.263	0.327
7.5	1.204	0.01165	-0.089	0.013	0.013	1.000	0.995	103.367	0.263	0.324
8.0	1.260	0.01199	-0.090	0.016	0.016	1.000	0.995	105.120	0.264	0.321
8.5	1.316	0.01237	-0.091	0.020	0.020	1.000	0.995	106.355	0.264	0.319
9.0	1.370	0.01279	-0.092	0.020	0.020	1.000	0.995	107.121	0.264	0.317
9.5	1.424	0.01321	-0.092	0.025	0.025	1.000	0.995	107.766	0.264	0.315
10.0	1.476	0.01374	-0.093	0.025	0.025	1.000	0.995	107.469	0.264	0.313
10.5	1.528	0.01438	-0.094	0.025	0.025	1.000	0.995	106.250	0.312	0.311
11.0	1.556	0.01277	-0.098	0.035	0.035	0.975	0.996	121.797	0.506	0.313
11.5	1.569	0.01548	-0.104	0.035	0.035	0.937	0.996	101.333	0.637	0.316
12.0	1.586	0.01667	-0.110	0.035	0.035	0.906	0.996	95.128	0.598	0.319
12.5	1.600	0.01818	-0.115	0.035	0.035	0.874	0.996	88.021	0.810	0.322
13.0	1.607	0.02011	-0.122	0.050	0.050	0.837	0.995	79.919	2.257	0.326
13.5	1.607	0.02271	-0.129	0.050	0.050	0.794	0.996	70.779	-1.075	0.330
14.0	1.595	0.02629	-0.137	0.050	0.050	0.740	0.996	60.686	-0.209	0.336
14.5	1.565	0.03168	-0.148	0.050	0.050	0.664	0.996	49.418	0.031	0.345
15.0	1.468	0.04477	-0.165	0.065	0.065	0.483	0.995	32.788	0.075	0.363
15.5	1.416	0.05753	-0.174	0.065	0.065	0.343	0.995	24.613	0.035	0.373
16.0	1.408	0.06573	-0.178	0.065	0.065	0.273	0.995	21.419	-3.028	0.377
16.5	1.414	0.07200	-0.181	0.065	0.065	0.231	0.996	19.636	0.598	0.378
17.0	1.424	0.07737	-0.184	0.080	0.080	0.200	0.995	18.404	0.449	0.379
17.5	1.440	0.08179	-0.186	0.080	0.080	0.183	0.995	17.605	0.416	0.380
18.0	1.455	0.08631	-0.189	0.080	0.080	0.168	0.996	16.853	0.424	0.380
18.5	1.468	0.09075	-0.191	0.100	0.100	0.153	0.996	16.178	0.424	0.380
19.0	1.483	0.09514	-0.194	0.100	0.100	0.144	0.996	15.586	0.422	0.381
19.5	1.497	0.09897	-0.196	0.100	0.100	0.137	0.996	15.129	0.432	0.381
20.0	1.510	0.10343	-0.199	0.100	0.100	0.130	0.996	14.603	0.439	0.382


