r/R	c/R	?	H/D	r	c	H	t	Airfoil
[-]	[-]	[°]	[-]	[mm]	[mm]	[mm]	[mm]	[-]
0.0000	0.0059	46.9	0.0	0.0	1.0	0.0	0.1	Flat Plate, Re=100,000
0.0500	0.0226	44.4	0.2	8.7	4.0	53.8	0.2	interpolated
0.1000	0.0393	41.9	0.3	17.5	6.9	98.8	0.3	interpolated
0.1500	0.0560	39.5	0.4	26.2	9.8	135.8	0.5	interpolated
0.2000	0.0727	37.0	0.5	35.0	12.7	165.8	0.6	interpolated
0.2500	0.0894	34.6	0.5	43.8	15.6	189.3	0.8	interpolated
0.3000	0.1061	32.1	0.6	52.5	18.6	206.9	0.9	interpolated
0.3500	0.1228	29.6	0.6	61.2	21.5	218.9	1.2	Flat Plate, Re=500,000
0.4000	0.1382	27.1	0.6	70.0	24.2	224.6	1.6	interpolated
0.4500	0.1489	24.3	0.6	78.8	26.1	223.3	2.0	interpolated
0.5000	0.1529	22.0	0.6	87.5	26.8	222.6	2.3	interpolated
0.5500	0.1513	20.1	0.6	96.2	26.5	221.3	2.6	interpolated
0.6000	0.1469	18.5	0.6	105.0	25.7	220.7	2.8	interpolated
0.6500	0.1404	17.1	0.6	113.7	24.6	220.4	2.9	Clark Y, Re=25,000
0.7000	0.1328	16.0	0.6	122.5	23.2	220.9	2.8	interpolated
0.7500	0.1230	15.0	0.6	131.2	21.5	221.0	2.6	interpolated
0.8000	0.1131	14.2	0.6	140.0	19.8	222.5	2.4	interpolated
0.8500	0.1019	13.4	0.6	148.8	17.8	223.3	2.2	interpolated
0.9000	0.0890	12.8	0.6	157.5	15.6	224.8	1.9	interpolated
0.9500	0.0753	12.2	0.6	166.2	13.2	226.3	1.6	interpolated
1.0000	0.0605	11.7	0.6	175.0	10.6	226.9	1.3	Clark Y, Re=100,000
